0,1,2,3,4,5,6,7
0.5157845830248694,-0.9591111114681932,-0.8190292206508415,-0.420560041253707,0.8293400255919046,-0.3817006212182666,-0.8799766896679563,1.1498467945803525
0.5157845830248694,-0.9591111114681932,-0.9848478925906843,-0.420560041253707,-1.205778051392485,-0.3817006212182666,1.1363937383129237,-0.8696810781343782
0.5157845830248694,-0.9591111114681932,-0.32157320483131346,2.3777817717036513,-1.205778051392485,-0.3817006212182666,1.1363937383129237,-0.8696810781343782
-1.3145894244274876,-0.9591111114681932,-0.6532105487109988,-0.420560041253707,0.8293400255919046,-0.3817006212182666,-0.8799766896679563,1.1498467945803525
0.5157845830248694,0.9207176908429557,0.17588281098821465,-0.420560041253707,0.8293400255919046,-0.3817006212182666,1.1363937383129237,-0.8696810781343782
0.5157845830248694,-0.9591111114681932,1.5024321865069563,-0.420560041253707,-1.205778051392485,-0.3817006212182666,-0.8799766896679563,1.1498467945803525
-1.3145894244274876,-0.9591111114681932,0.5075201548679,-0.420560041253707,-1.205778051392485,-0.3817006212182666,1.1363937383129237,-0.8696810781343782
-1.3145894244274876,-0.9591111114681932,-0.48739187677115614,-0.420560041253707,-1.205778051392485,-0.3817006212182666,-0.8799766896679563,1.1498467945803525
0.5157845830248694,0.9207176908429557,0.6733388268077427,2.3777817717036513,0.8293400255919046,2.619854263816284,-0.8799766896679563,-0.8696810781343782
-1.3145894244274876,-0.9591111114681932,1.8340695303866417,-0.420560041253707,-1.205778051392485,-0.3817006212182666,1.1363937383129237,-0.8696810781343782
0.5157845830248694,0.9207176908429557,-0.6532105487109988,2.3777817717036513,0.8293400255919046,-0.3817006212182666,-0.8799766896679563,1.1498467945803525
0.5157845830248694,-0.9591111114681932,-0.32157320483131346,-0.420560041253707,0.8293400255919046,-0.3817006212182666,1.1363937383129237,-0.8696810781343782
0.5157845830248694,0.9207176908429557,-1.8139412522898977,-0.420560041253707,-1.205778051392485,-0.3817006212182666,-0.8799766896679563,1.1498467945803525
-1.3145894244274876,-0.9591111114681932,0.34170148292805735,-0.420560041253707,0.8293400255919046,-0.3817006212182666,-0.8799766896679563,1.1498467945803525
0.5157845830248694,0.9207176908429557,-0.9848478925906843,-0.420560041253707,0.8293400255919046,-0.3817006212182666,-0.8799766896679563,1.1498467945803525
0.5157845830248694,0.9207176908429557,-1.3164852364703696,-0.420560041253707,0.8293400255919046,-0.3817006212182666,1.1363937383129237,-0.8696810781343782
-1.3145894244274876,-0.9591111114681932,1.8340695303866417,-0.420560041253707,-1.205778051392485,-0.3817006212182666,-0.8799766896679563,1.1498467945803525
0.5157845830248694,-0.9591111114681932,3.160618905905383,-0.420560041253707,-1.205778051392485,-0.3817006212182666,1.1363937383129237,-0.8696810781343782
0.5157845830248694,-0.9591111114681932,-1.150666564530527,-0.420560041253707,0.8293400255919046,2.619854263816284,-0.8799766896679563,-0.8696810781343782
0.5157845830248694,-0.9591111114681932,-0.48739187677115614,2.3777817717036513,-1.205778051392485,-0.3817006212182666,-0.8799766896679563,1.1498467945803525
0.5157845830248694,0.9207176908429557,0.01006413904837196,2.3777817717036513,0.8293400255919046,2.619854263816284,-0.8799766896679563,-0.8696810781343782
0.5157845830248694,0.9207176908429557,0.17588281098821465,-0.420560041253707,0.8293400255919046,-0.3817006212182666,-0.8799766896679563,1.1498467945803525
0.5157845830248694,-0.9591111114681932,0.01006413904837196,-0.420560041253707,0.8293400255919046,-0.3817006212182666,-0.8799766896679563,1.1498467945803525
0.5157845830248694,0.9207176908429557,0.34170148292805735,-0.420560041253707,0.8293400255919046,-0.3817006212182666,-0.8799766896679563,1.1498467945803525
-1.3145894244274876,-0.9591111114681932,-1.150666564530527,-0.420560041253707,0.8293400255919046,-0.3817006212182666,-0.8799766896679563,1.1498467945803525
0.5157845830248694,0.9207176908429557,-0.32157320483131346,-0.420560041253707,0.8293400255919046,-0.3817006212182666,-0.8799766896679563,1.1498467945803525
0.5157845830248694,0.9207176908429557,-0.15575453289147073,-0.420560041253707,-1.205778051392485,-0.3817006212182666,-0.8799766896679563,1.1498467945803525
0.5157845830248694,0.9207176908429557,-0.48739187677115614,-0.420560041253707,-1.205778051392485,-0.3817006212182666,1.1363937383129237,-0.8696810781343782
-1.3145894244274876,-0.9591111114681932,-0.32157320483131346,-0.420560041253707,-1.205778051392485,-0.3817006212182666,1.1363937383129237,-0.8696810781343782
0.5157845830248694,0.9207176908429557,0.17588281098821465,-0.420560041253707,0.8293400255919046,-0.3817006212182666,-0.8799766896679563,1.1498467945803525
0.5157845830248694,0.9207176908429557,-0.6532105487109988,-0.420560041253707,-1.205778051392485,-0.3817006212182666,-0.8799766896679563,1.1498467945803525
0.5157845830248694,0.9207176908429557,-0.48739187677115614,-0.420560041253707,0.8293400255919046,-0.3817006212182666,1.1363937383129237,-0.8696810781343782
-1.3145894244274876,-0.9591111114681932,0.6733388268077427,-0.420560041253707,0.8293400255919046,-0.3817006212182666,1.1363937383129237,-0.8696810781343782
0.5157845830248694,0.9207176908429557,-0.9848478925906843,-0.420560041253707,0.8293400255919046,-0.3817006212182666,1.1363937383129237,-0.8696810781343782
0.5157845830248694,-0.9591111114681932,2.663162890085855,-0.420560041253707,0.8293400255919046,-0.3817006212182666,1.1363937383129237,-0.8696810781343782
0.5157845830248694,0.9207176908429557,-0.8190292206508415,-0.420560041253707,0.8293400255919046,2.619854263816284,-0.8799766896679563,-0.8696810781343782
-1.3145894244274876,-0.9591111114681932,-0.32157320483131346,-0.420560041253707,0.8293400255919046,-0.3817006212182666,1.1363937383129237,-0.8696810781343782
-1.3145894244274876,0.9207176908429557,-1.3164852364703696,2.3777817717036513,-1.205778051392485,-0.3817006212182666,-0.8799766896679563,1.1498467945803525
0.5157845830248694,0.9207176908429557,1.5024321865069563,-0.420560041253707,0.8293400255919046,-0.3817006212182666,1.1363937383129237,-0.8696810781343782
0.5157845830248694,-0.9591111114681932,-1.4823039084102123,-0.420560041253707,0.8293400255919046,-0.3817006212182666,-0.8799766896679563,1.1498467945803525
-1.3145894244274876,-0.9591111114681932,0.8391574987475855,-0.420560041253707,-1.205778051392485,-0.3817006212182666,1.1363937383129237,-0.8696810781343782
0.5157845830248694,-0.9591111114681932,-0.9848478925906843,-0.420560041253707,-1.205778051392485,-0.3817006212182666,1.1363937383129237,-0.8696810781343782
-1.3145894244274876,-0.9591111114681932,2.4973442181460124,-0.420560041253707,0.8293400255919046,-0.3817006212182666,1.1363937383129237,-0.8696810781343782
-5.890524443058379,-1.9616864727008059,-0.32157320483131346,-0.420560041253707,0.8293400255919046,-0.3817006212182666,-0.8799766896679563,1.1498467945803525
0.5157845830248694,0.9207176908429557,-0.8190292206508415,-0.420560041253707,0.8293400255919046,-0.3817006212182666,1.1363937383129237,-0.8696810781343782
-1.3145894244274876,-0.9591111114681932,1.3366135145671136,-0.420560041253707,-1.205778051392485,-0.3817006212182666,-0.8799766896679563,1.1498467945803525
-1.3145894244274876,-0.9591111114681932,1.9998882023264843,-0.420560041253707,0.8293400255919046,-0.3817006212182666,1.1363937383129237,-0.8696810781343782
0.5157845830248694,0.9207176908429557,-1.8139412522898977,-0.420560041253707,0.8293400255919046,-0.3817006212182666,1.1363937383129237,-0.8696810781343782
0.5157845830248694,0.9207176908429557,-0.9848478925906843,-0.420560041253707,0.8293400255919046,-0.3817006212182666,1.1363937383129237,-0.8696810781343782
0.5157845830248694,0.9207176908429557,0.34170148292805735,2.3777817717036513,-1.205778051392485,-0.3817006212182666,1.1363937383129237,-0.8696810781343782
0.5157845830248694,-0.9591111114681932,0.5075201548679,-0.420560041253707,0.8293400255919046,2.619854263816284,-0.8799766896679563,-0.8696810781343782
0.5157845830248694,0.9207176908429557,-0.6532105487109988,-0.420560041253707,0.8293400255919046,-0.3817006212182666,1.1363937383129237,-0.8696810781343782
0.5157845830248694,0.9207176908429557,-1.4823039084102123,-0.420560041253707,0.8293400255919046,2.619854263816284,-0.8799766896679563,-0.8696810781343782
0.5157845830248694,0.9207176908429557,-0.6532105487109988,2.3777817717036513,0.8293400255919046,-0.3817006212182666,-0.8799766896679563,1.1498467945803525
0.5157845830248694,0.9207176908429557,0.34170148292805735,-0.420560041253707,0.8293400255919046,-0.3817006212182666,1.1363937383129237,-0.8696810781343782
0.5157845830248694,0.9207176908429557,1.1707948426272707,-0.420560041253707,0.8293400255919046,2.619854263816284,-0.8799766896679563,-0.8696810781343782
0.5157845830248694,0.9207176908429557,-1.150666564530527,-0.420560041253707,0.8293400255919046,-0.3817006212182666,-0.8799766896679563,1.1498467945803525
0.5157845830248694,0.9207176908429557,-2.1455785961695835,-0.420560041253707,0.8293400255919046,-0.3817006212182666,-0.8799766896679563,1.1498467945803525
0.5157845830248694,0.9207176908429557,-0.15575453289147073,-0.420560041253707,-1.205778051392485,-0.3817006212182666,1.1363937383129237,-0.8696810781343782
0.5157845830248694,-0.9591111114681932,0.5075201548679,2.3777817717036513,-1.205778051392485,2.619854263816284,-0.8799766896679563,-0.8696810781343782
0.5157845830248694,0.9207176908429557,0.6733388268077427,-0.420560041253707,-1.205778051392485,-0.3817006212182666,1.1363937383129237,-0.8696810781343782
-1.3145894244274876,-0.9591111114681932,1.1707948426272707,-0.420560041253707,0.8293400255919046,-0.3817006212182666,-0.8799766896679563,1.1498467945803525
0.5157845830248694,-0.9591111114681932,-0.9848478925906843,2.3777817717036513,-1.205778051392485,-0.3817006212182666,1.1363937383129237,-0.8696810781343782
0.5157845830248694,0.9207176908429557,1.9998882023264843,-0.420560041253707,0.8293400255919046,2.619854263816284,-0.8799766896679563,-0.8696810781343782
-1.3145894244274876,-0.9591111114681932,0.34170148292805735,2.3777817717036513,0.8293400255919046,-0.3817006212182666,-0.8799766896679563,1.1498467945803525
-1.3145894244274876,-0.9591111114681932,0.34170148292805735,-0.420560041253707,0.8293400255919046,-0.3817006212182666,1.1363937383129237,-0.8696810781343782
0.5157845830248694,0.9207176908429557,-1.150666564530527,-0.420560041253707,-1.205778051392485,-0.3817006212182666,1.1363937383129237,-0.8696810781343782
-1.3145894244274876,-0.9591111114681932,-0.8190292206508415,-0.420560041253707,-1.205778051392485,-0.3817006212182666,-0.8799766896679563,1.1498467945803525
0.5157845830248694,-0.9591111114681932,-1.150666564530527,-0.420560041253707,-1.205778051392485,2.619854263816284,-0.8799766896679563,-0.8696810781343782
0.5157845830248694,0.9207176908429557,-0.32157320483131346,-0.420560041253707,0.8293400255919046,-0.3817006212182666,-0.8799766896679563,1.1498467945803525
0.5157845830248694,-0.9591111114681932,-1.150666564530527,-0.420560041253707,-1.205778051392485,-0.3817006212182666,1.1363937383129237,-0.8696810781343782
0.5157845830248694,0.9207176908429557,0.8391574987475855,-0.420560041253707,0.8293400255919046,-0.3817006212182666,-0.8799766896679563,1.1498467945803525
-1.3145894244274876,-0.9591111114681932,-0.6532105487109988,-0.420560041253707,-1.205778051392485,-0.3817006212182666,-0.8799766896679563,1.1498467945803525
0.5157845830248694,0.9207176908429557,-1.150666564530527,-0.420560041253707,0.8293400255919046,-0.3817006212182666,-0.8799766896679563,1.1498467945803525
0.5157845830248694,-0.9591111114681932,-0.9848478925906843,-0.420560041253707,0.8293400255919046,-0.3817006212182666,-0.8799766896679563,1.1498467945803525
-1.3145894244274876,-0.9591111114681932,0.01006413904837196,2.3777817717036513,-1.205778051392485,-0.3817006212182666,1.1363937383129237,-0.8696810781343782
-1.3145894244274876,0.9207176908429557,0.34170148292805735,-0.420560041253707,0.8293400255919046,-0.3817006212182666,1.1363937383129237,-0.8696810781343782
0.5157845830248694,-0.9591111114681932,-0.15575453289147073,2.3777817717036513,-1.205778051392485,-0.3817006212182666,-0.8799766896679563,1.1498467945803525
-1.3145894244274876,-1.9616864727008059,0.6733388268077427,-0.420560041253707,0.8293400255919046,-0.3817006212182666,1.1363937383129237,-0.8696810781343782
-1.3145894244274876,-0.9591111114681932,0.17588281098821465,-0.420560041253707,0.8293400255919046,-0.3817006212182666,-0.8799766896679563,1.1498467945803525
-1.3145894244274876,-0.9591111114681932,-0.15575453289147073,-0.420560041253707,-1.205778051392485,-0.3817006212182666,1.1363937383129237,-0.8696810781343782
0.5157845830248694,0.9207176908429557,2.3315255462061697,-0.420560041253707,0.8293400255919046,-0.3817006212182666,1.1363937383129237,-0.8696810781343782
0.5157845830248694,0.9207176908429557,-0.32157320483131346,-0.420560041253707,-1.205778051392485,-0.3817006212182666,-0.8799766896679563,1.1498467945803525
0.5157845830248694,0.9207176908429557,-0.6532105487109988,-0.420560041253707,0.8293400255919046,-0.3817006212182666,-0.8799766896679563,1.1498467945803525
-1.3145894244274876,-0.9591111114681932,1.5024321865069563,-0.420560041253707,0.8293400255919046,-0.3817006212182666,-0.8799766896679563,1.1498467945803525
-1.3145894244274876,-0.9591111114681932,1.3366135145671136,-0.420560041253707,-1.205778051392485,-0.3817006212182666,1.1363937383129237,-0.8696810781343782
0.5157845830248694,-0.9591111114681932,-0.6532105487109988,-0.420560041253707,-1.205778051392485,-0.3817006212182666,-0.8799766896679563,1.1498467945803525
0.5157845830248694,0.9207176908429557,1.3366135145671136,-0.420560041253707,-1.205778051392485,-0.3817006212182666,-0.8799766896679563,1.1498467945803525
0.5157845830248694,-0.9591111114681932,-0.15575453289147073,-0.420560041253707,0.8293400255919046,-0.3817006212182666,-0.8799766896679563,1.1498467945803525
0.5157845830248694,0.9207176908429557,1.004976170687428,-0.420560041253707,0.8293400255919046,-0.3817006212182666,-0.8799766896679563,1.1498467945803525
0.5157845830248694,-0.9591111114681932,0.01006413904837196,2.3777817717036513,-1.205778051392485,-0.3817006212182666,1.1363937383129237,-0.8696810781343782
0.5157845830248694,0.9207176908429557,-1.9797599242297403,2.3777817717036513,-1.205778051392485,-0.3817006212182666,1.1363937383129237,-0.8696810781343782
0.5157845830248694,0.9207176908429557,0.8391574987475855,-0.420560041253707,0.8293400255919046,-0.3817006212182666,-0.8799766896679563,1.1498467945803525
0.5157845830248694,-0.9591111114681932,-1.150666564530527,2.3777817717036513,0.8293400255919046,2.619854263816284,-0.8799766896679563,-0.8696810781343782
0.5157845830248694,0.9207176908429557,0.34170148292805735,-0.420560041253707,0.8293400255919046,-0.3817006212182666,-0.8799766896679563,1.1498467945803525
0.5157845830248694,0.9207176908429557,-1.648122580350055,-0.420560041253707,0.8293400255919046,2.619854263816284,-0.8799766896679563,-0.8696810781343782
0.5157845830248694,-0.9591111114681932,0.01006413904837196,-0.420560041253707,0.8293400255919046,-0.3817006212182666,-0.8799766896679563,1.1498467945803525
0.5157845830248694,0.9207176908429557,0.6733388268077427,-0.420560041253707,-1.205778051392485,-0.3817006212182666,1.1363937383129237,-0.8696810781343782
-1.3145894244274876,-0.9591111114681932,0.17588281098821465,2.3777817717036513,0.8293400255919046,-0.3817006212182666,1.1363937383129237,-0.8696810781343782
0.5157845830248694,0.9207176908429557,-0.6532105487109988,-0.420560041253707,-1.205778051392485,-0.3817006212182666,1.1363937383129237,-0.8696810781343782
0.5157845830248694,0.9207176908429557,1.5024321865069563,-0.420560041253707,-1.205778051392485,-0.3817006212182666,1.1363937383129237,-0.8696810781343782
0.5157845830248694,-0.9591111114681932,-0.48739187677115614,-0.420560041253707,0.8293400255919046,-0.3817006212182666,1.1363937383129237,-0.8696810781343782
0.5157845830248694,0.9207176908429557,0.01006413904837196,-0.420560041253707,-1.205778051392485,-0.3817006212182666,-0.8799766896679563,1.1498467945803525
0.5157845830248694,-0.9591111114681932,-1.3164852364703696,-0.420560041253707,0.8293400255919046,-0.3817006212182666,-0.8799766896679563,1.1498467945803525
0.5157845830248694,0.9207176908429557,0.6733388268077427,-0.420560041253707,0.8293400255919046,-0.3817006212182666,1.1363937383129237,-0.8696810781343782
0.5157845830248694,-0.9591111114681932,0.17588281098821465,-0.420560041253707,0.8293400255919046,-0.3817006212182666,1.1363937383129237,-0.8696810781343782
0.5157845830248694,-1.9616864727008059,-0.9848478925906843,-0.420560041253707,-1.205778051392485,-0.3817006212182666,-0.8799766896679563,1.1498467945803525
0.5157845830248694,-0.9591111114681932,1.1707948426272707,-0.420560041253707,0.8293400255919046,2.619854263816284,-0.8799766896679563,-0.8696810781343782
0.5157845830248694,0.9207176908429557,-0.32157320483131346,-0.420560041253707,-1.205778051392485,-0.3817006212182666,1.1363937383129237,-0.8696810781343782
0.5157845830248694,-0.9591111114681932,1.1707948426272707,-0.420560041253707,-1.205778051392485,-0.3817006212182666,1.1363937383129237,-0.8696810781343782
0.5157845830248694,-0.9591111114681932,0.6733388268077427,2.3777817717036513,-1.205778051392485,2.619854263816284,-0.8799766896679563,-0.8696810781343782
-1.3145894244274876,-0.9591111114681932,3.160618905905383,-0.420560041253707,0.8293400255919046,-0.3817006212182666,1.1363937383129237,-0.8696810781343782
0.5157845830248694,0.9207176908429557,-0.8190292206508415,-0.420560041253707,0.8293400255919046,-0.3817006212182666,-0.8799766896679563,1.1498467945803525
0.5157845830248694,0.9207176908429557,-0.15575453289147073,-0.420560041253707,-1.205778051392485,-0.3817006212182666,1.1363937383129237,-0.8696810781343782
-1.3145894244274876,-0.9591111114681932,-0.8190292206508415,-0.420560041253707,0.8293400255919046,-0.3817006212182666,-0.8799766896679563,1.1498467945803525
-1.3145894244274876,-0.9591111114681932,-0.15575453289147073,2.3777817717036513,-1.205778051392485,-0.3817006212182666,1.1363937383129237,-0.8696810781343782
-1.3145894244274876,-0.9591111114681932,-0.9848478925906843,-0.420560041253707,-1.205778051392485,-0.3817006212182666,-0.8799766896679563,1.1498467945803525
-1.3145894244274876,-0.9591111114681932,1.1707948426272707,-0.420560041253707,0.8293400255919046,-0.3817006212182666,1.1363937383129237,-0.8696810781343782
0.5157845830248694,0.9207176908429557,-0.15575453289147073,-0.420560041253707,-1.205778051392485,-0.3817006212182666,1.1363937383129237,-0.8696810781343782
-1.3145894244274876,-0.9591111114681932,-1.150666564530527,-0.420560041253707,0.8293400255919046,2.619854263816284,-0.8799766896679563,-0.8696810781343782
0.5157845830248694,0.9207176908429557,-0.6532105487109988,-0.420560041253707,0.8293400255919046,-0.3817006212182666,1.1363937383129237,-0.8696810781343782
0.5157845830248694,0.9207176908429557,2.165706874266327,2.3777817717036513,0.8293400255919046,-0.3817006212182666,1.1363937383129237,-0.8696810781343782
-1.3145894244274876,-0.9591111114681932,1.1707948426272707,-0.420560041253707,0.8293400255919046,2.619854263816284,-0.8799766896679563,-0.8696810781343782
0.5157845830248694,-1.9616864727008059,0.01006413904837196,-0.420560041253707,0.8293400255919046,2.619854263816284,-0.8799766896679563,-0.8696810781343782
-1.3145894244274876,-0.9591111114681932,-0.48739187677115614,-0.420560041253707,-1.205778051392485,-0.3817006212182666,-0.8799766896679563,1.1498467945803525
-1.3145894244274876,-0.9591111114681932,-0.9848478925906843,-0.420560041253707,0.8293400255919046,-0.3817006212182666,1.1363937383129237,-0.8696810781343782
-1.3145894244274876,-0.9591111114681932,0.6733388268077427,-0.420560041253707,0.8293400255919046,-0.3817006212182666,-0.8799766896679563,1.1498467945803525
0.5157845830248694,0.9207176908429557,-0.8190292206508415,2.3777817717036513,-1.205778051392485,-0.3817006212182666,1.1363937383129237,-0.8696810781343782
-1.3145894244274876,-0.9591111114681932,-0.8190292206508415,2.3777817717036513,0.8293400255919046,-0.3817006212182666,1.1363937383129237,-0.8696810781343782
0.5157845830248694,0.9207176908429557,0.5075201548679,-0.420560041253707,0.8293400255919046,-0.3817006212182666,-0.8799766896679563,1.1498467945803525
-1.3145894244274876,-0.9591111114681932,1.1707948426272707,-0.420560041253707,-1.205778051392485,-0.3817006212182666,-0.8799766896679563,1.1498467945803525
0.5157845830248694,0.9207176908429557,-0.8190292206508415,-0.420560041253707,-1.205778051392485,-0.3817006212182666,1.1363937383129237,-0.8696810781343782
0.5157845830248694,0.9207176908429557,-0.15575453289147073,2.3777817717036513,0.8293400255919046,-0.3817006212182666,1.1363937383129237,-0.8696810781343782
0.5157845830248694,0.9207176908429557,-0.8190292206508415,-0.420560041253707,0.8293400255919046,-0.3817006212182666,1.1363937383129237,-0.8696810781343782
0.5157845830248694,0.9207176908429557,0.5075201548679,-0.420560041253707,0.8293400255919046,-0.3817006212182666,1.1363937383129237,-0.8696810781343782
0.5157845830248694,0.9207176908429557,-0.32157320483131346,-0.420560041253707,-1.205778051392485,-0.3817006212182666,1.1363937383129237,-0.8696810781343782
0.5157845830248694,0.9207176908429557,-1.4823039084102123,-0.420560041253707,0.8293400255919046,-0.3817006212182666,1.1363937383129237,-0.8696810781343782
0.5157845830248694,0.9207176908429557,1.8340695303866417,-0.420560041253707,-1.205778051392485,-0.3817006212182666,1.1363937383129237,-0.8696810781343782
0.5157845830248694,0.9207176908429557,0.34170148292805735,-0.420560041253707,-1.205778051392485,2.619854263816284,-0.8799766896679563,-0.8696810781343782
0.5157845830248694,-0.9591111114681932,-1.150666564530527,-0.420560041253707,-1.205778051392485,-0.3817006212182666,1.1363937383129237,-0.8696810781343782
0.5157845830248694,0.9207176908429557,-0.6532105487109988,2.3777817717036513,0.8293400255919046,-0.3817006212182666,1.1363937383129237,-0.8696810781343782
0.5157845830248694,0.9207176908429557,-0.48739187677115614,-0.420560041253707,0.8293400255919046,-0.3817006212182666,1.1363937383129237,-0.8696810781343782
0.5157845830248694,0.9207176908429557,-0.8190292206508415,-0.420560041253707,0.8293400255919046,-0.3817006212182666,-0.8799766896679563,1.1498467945803525
0.5157845830248694,-0.9591111114681932,-0.6532105487109988,2.3777817717036513,-1.205778051392485,-0.3817006212182666,-0.8799766896679563,1.1498467945803525
0.5157845830248694,-0.9591111114681932,-0.15575453289147073,-0.420560041253707,0.8293400255919046,2.619854263816284,-0.8799766896679563,-0.8696810781343782
0.5157845830248694,0.9207176908429557,-0.48739187677115614,-0.420560041253707,-1.205778051392485,-0.3817006212182666,-0.8799766896679563,1.1498467945803525
0.5157845830248694,-0.9591111114681932,0.17588281098821465,-0.420560041253707,0.8293400255919046,-0.3817006212182666,1.1363937383129237,-0.8696810781343782
-1.3145894244274876,-0.9591111114681932,-1.3164852364703696,-0.420560041253707,-1.205778051392485,-0.3817006212182666,-0.8799766896679563,1.1498467945803525
0.5157845830248694,0.9207176908429557,0.01006413904837196,-0.420560041253707,0.8293400255919046,-0.3817006212182666,1.1363937383129237,-0.8696810781343782
-1.3145894244274876,-0.9591111114681932,-0.6532105487109988,-0.420560041253707,-1.205778051392485,-0.3817006212182666,-0.8799766896679563,1.1498467945803525
0.5157845830248694,0.9207176908429557,0.34170148292805735,2.3777817717036513,0.8293400255919046,2.619854263816284,-0.8799766896679563,-0.8696810781343782
0.5157845830248694,0.9207176908429557,0.6733388268077427,-0.420560041253707,0.8293400255919046,2.619854263816284,-0.8799766896679563,-0.8696810781343782
0.5157845830248694,0.9207176908429557,1.004976170687428,-0.420560041253707,0.8293400255919046,-0.3817006212182666,-0.8799766896679563,1.1498467945803525
0.5157845830248694,0.9207176908429557,-0.48739187677115614,-0.420560041253707,-1.205778051392485,-0.3817006212182666,-0.8799766896679563,1.1498467945803525
0.5157845830248694,0.9207176908429557,-0.15575453289147073,-0.420560041253707,-1.205778051392485,2.619854263816284,-0.8799766896679563,-0.8696810781343782
0.5157845830248694,0.9207176908429557,-0.15575453289147073,-0.420560041253707,-1.205778051392485,-0.3817006212182666,-0.8799766896679563,1.1498467945803525
0.5157845830248694,-0.9591111114681932,-0.6532105487109988,2.3777817717036513,0.8293400255919046,-0.3817006212182666,-0.8799766896679563,1.1498467945803525
0.5157845830248694,-1.9616864727008059,-0.9848478925906843,-0.420560041253707,0.8293400255919046,-0.3817006212182666,-0.8799766896679563,1.1498467945803525
0.5157845830248694,-0.9591111114681932,-0.32157320483131346,-0.420560041253707,-1.205778051392485,-0.3817006212182666,1.1363937383129237,-0.8696810781343782
0.5157845830248694,0.9207176908429557,-0.32157320483131346,2.3777817717036513,0.8293400255919046,-0.3817006212182666,-0.8799766896679563,1.1498467945803525
0.5157845830248694,0.9207176908429557,0.17588281098821465,-0.420560041253707,0.8293400255919046,-0.3817006212182666,-0.8799766896679563,1.1498467945803525
0.5157845830248694,0.9207176908429557,-0.48739187677115614,-0.420560041253707,0.8293400255919046,2.619854263816284,-0.8799766896679563,-0.8696810781343782
0.5157845830248694,-0.9591111114681932,-0.32157320483131346,-0.420560041253707,0.8293400255919046,-0.3817006212182666,-0.8799766896679563,1.1498467945803525
0.5157845830248694,0.9207176908429557,0.8391574987475855,2.3777817717036513,-1.205778051392485,-0.3817006212182666,1.1363937383129237,-0.8696810781343782
0.5157845830248694,0.9207176908429557,1.004976170687428,-0.420560041253707,0.8293400255919046,-0.3817006212182666,1.1363937383129237,-0.8696810781343782
0.5157845830248694,-0.9591111114681932,-0.9848478925906843,-0.420560041253707,0.8293400255919046,-0.3817006212182666,-0.8799766896679563,1.1498467945803525
-1.3145894244274876,-0.9591111114681932,-0.8190292206508415,-0.420560041253707,-1.205778051392485,-0.3817006212182666,-0.8799766896679563,1.1498467945803525
0.5157845830248694,0.9207176908429557,2.3315255462061697,-0.420560041253707,0.8293400255919046,-0.3817006212182666,-0.8799766896679563,1.1498467945803525
0.5157845830248694,-0.9591111114681932,-0.8190292206508415,-0.420560041253707,-1.205778051392485,2.619854263816284,-0.8799766896679563,-0.8696810781343782
0.5157845830248694,-0.9591111114681932,1.3366135145671136,-0.420560041253707,0.8293400255919046,-0.3817006212182666,1.1363937383129237,-0.8696810781343782
0.5157845830248694,0.9207176908429557,0.5075201548679,-0.420560041253707,0.8293400255919046,-0.3817006212182666,-0.8799766896679563,1.1498467945803525
0.5157845830248694,0.9207176908429557,-0.6532105487109988,-0.420560041253707,0.8293400255919046,-0.3817006212182666,1.1363937383129237,-0.8696810781343782
0.5157845830248694,0.9207176908429557,-1.648122580350055,-0.420560041253707,0.8293400255919046,-0.3817006212182666,1.1363937383129237,-0.8696810781343782
-1.3145894244274876,-0.9591111114681932,-0.6532105487109988,-0.420560041253707,0.8293400255919046,-0.3817006212182666,1.1363937383129237,-0.8696810781343782
0.5157845830248694,0.9207176908429557,-0.6532105487109988,-0.420560041253707,0.8293400255919046,-0.3817006212182666,-0.8799766896679563,1.1498467945803525
0.5157845830248694,-0.9591111114681932,0.5075201548679,-0.420560041253707,-1.205778051392485,-0.3817006212182666,1.1363937383129237,-0.8696810781343782
-0.39940242070130916,-0.9591111114681932,-0.48739187677115614,-0.420560041253707,0.8293400255919046,-0.3817006212182666,-0.8799766896679563,1.1498467945803525
-1.3145894244274876,-0.9591111114681932,-0.48739187677115614,-0.420560041253707,-1.205778051392485,-0.3817006212182666,1.1363937383129237,-0.8696810781343782
-1.3145894244274876,-0.9591111114681932,-1.648122580350055,-0.420560041253707,-1.205778051392485,-0.3817006212182666,-0.8799766896679563,1.1498467945803525
-1.3145894244274876,-0.9591111114681932,-0.48739187677115614,-0.420560041253707,0.8293400255919046,-0.3817006212182666,-0.8799766896679563,1.1498467945803525
0.5157845830248694,0.9207176908429557,0.5075201548679,-0.420560041253707,0.8293400255919046,2.619854263816284,-0.8799766896679563,-0.8696810781343782
0.5157845830248694,-0.9591111114681932,0.5075201548679,-0.420560041253707,0.8293400255919046,2.619854263816284,-0.8799766896679563,-0.8696810781343782
-1.3145894244274876,-0.9591111114681932,-0.32157320483131346,-0.420560041253707,0.8293400255919046,-0.3817006212182666,1.1363937383129237,-0.8696810781343782
0.5157845830248694,0.9207176908429557,0.01006413904837196,-0.420560041253707,0.8293400255919046,-0.3817006212182666,1.1363937383129237,-0.8696810781343782
-1.3145894244274876,-0.9591111114681932,0.17588281098821465,-0.420560041253707,0.8293400255919046,-0.3817006212182666,1.1363937383129237,-0.8696810781343782
0.5157845830248694,0.9207176908429557,-0.6532105487109988,-0.420560041253707,-1.205778051392485,-0.3817006212182666,1.1363937383129237,-0.8696810781343782
0.5157845830248694,0.9207176908429557,1.004976170687428,-0.420560041253707,-1.205778051392485,-0.3817006212182666,-0.8799766896679563,1.1498467945803525
-1.3145894244274876,-0.9591111114681932,2.165706874266327,-0.420560041253707,-1.205778051392485,-0.3817006212182666,-0.8799766896679563,1.1498467945803525
-1.3145894244274876,0.9207176908429557,1.5024321865069563,2.3777817717036513,-1.205778051392485,-0.3817006212182666,-0.8799766896679563,1.1498467945803525
0.5157845830248694,-1.9616864727008059,0.5075201548679,2.3777817717036513,-1.205778051392485,-0.3817006212182666,-0.8799766896679563,1.1498467945803525
0.5157845830248694,0.9207176908429557,0.34170148292805735,-0.420560041253707,0.8293400255919046,-0.3817006212182666,-0.8799766896679563,1.1498467945803525
-1.3145894244274876,-0.9591111114681932,0.6733388268077427,-0.420560041253707,0.8293400255919046,2.619854263816284,-0.8799766896679563,-0.8696810781343782
0.5157845830248694,0.9207176908429557,0.01006413904837196,-0.420560041253707,0.8293400255919046,-0.3817006212182666,1.1363937383129237,-0.8696810781343782
0.5157845830248694,-0.9591111114681932,-0.15575453289147073,-0.420560041253707,-1.205778051392485,-0.3817006212182666,1.1363937383129237,-0.8696810781343782
-1.3145894244274876,-0.9591111114681932,1.3366135145671136,-0.420560041253707,0.8293400255919046,2.619854263816284,-0.8799766896679563,-0.8696810781343782
0.5157845830248694,0.9207176908429557,-1.9797599242297403,-0.420560041253707,-1.205778051392485,-0.3817006212182666,1.1363937383129237,-0.8696810781343782
0.5157845830248694,0.9207176908429557,-0.15575453289147073,-0.420560041253707,0.8293400255919046,-0.3817006212182666,1.1363937383129237,-0.8696810781343782
0.5157845830248694,0.9207176908429557,-1.648122580350055,-0.420560041253707,-1.205778051392485,-0.3817006212182666,1.1363937383129237,-0.8696810781343782
-5.890524443058379,-1.9616864727008059,-1.3164852364703696,-0.420560041253707,-1.205778051392485,-0.3817006212182666,1.1363937383129237,-0.8696810781343782
0.5157845830248694,0.9207176908429557,-0.32157320483131346,-0.420560041253707,-1.205778051392485,-0.3817006212182666,1.1363937383129237,-0.8696810781343782
-1.3145894244274876,-0.9591111114681932,0.5075201548679,2.3777817717036513,0.8293400255919046,-0.3817006212182666,-0.8799766896679563,1.1498467945803525
0.5157845830248694,0.9207176908429557,0.17588281098821465,-0.420560041253707,-1.205778051392485,-0.3817006212182666,-0.8799766896679563,1.1498467945803525
-1.3145894244274876,-0.9591111114681932,0.8391574987475855,-0.420560041253707,-1.205778051392485,-0.3817006212182666,-0.8799766896679563,1.1498467945803525
-1.3145894244274876,-0.9591111114681932,0.6733388268077427,-0.420560041253707,-1.205778051392485,-0.3817006212182666,1.1363937383129237,-0.8696810781343782
-1.3145894244274876,-0.9591111114681932,1.3366135145671136,-0.420560041253707,0.8293400255919046,-0.3817006212182666,-0.8799766896679563,-0.8696810781343782
0.5157845830248694,0.9207176908429557,0.8391574987475855,-0.420560041253707,-1.205778051392485,2.619854263816284,-0.8799766896679563,-0.8696810781343782
0.5157845830248694,0.9207176908429557,1.5024321865069563,-0.420560041253707,0.8293400255919046,-0.3817006212182666,-0.8799766896679563,1.1498467945803525
-1.3145894244274876,-0.9591111114681932,-1.150666564530527,-0.420560041253707,0.8293400255919046,-0.3817006212182666,-0.8799766896679563,1.1498467945803525
-1.3145894244274876,-0.9591111114681932,0.8391574987475855,-0.420560041253707,-1.205778051392485,2.619854263816284,-0.8799766896679563,-0.8696810781343782
0.5157845830248694,0.9207176908429557,-0.48739187677115614,2.3777817717036513,0.8293400255919046,-0.3817006212182666,-0.8799766896679563,1.1498467945803525
0.5157845830248694,0.9207176908429557,-0.32157320483131346,-0.420560041253707,0.8293400255919046,-0.3817006212182666,1.1363937383129237,-0.8696810781343782
0.5157845830248694,0.9207176908429557,-1.3164852364703696,-0.420560041253707,0.8293400255919046,-0.3817006212182666,1.1363937383129237,-0.8696810781343782
0.5157845830248694,0.9207176908429557,0.17588281098821465,-0.420560041253707,-1.205778051392485,-0.3817006212182666,-0.8799766896679563,1.1498467945803525
0.5157845830248694,-0.9591111114681932,-0.48739187677115614,-0.420560041253707,-1.205778051392485,2.619854263816284,-0.8799766896679563,-0.8696810781343782
0.5157845830248694,0.9207176908429557,-0.32157320483131346,-0.420560041253707,-1.205778051392485,-0.3817006212182666,1.1363937383129237,-0.8696810781343782
-1.3145894244274876,-0.9591111114681932,2.165706874266327,2.3777817717036513,0.8293400255919046,-0.3817006212182666,1.1363937383129237,-0.8696810781343782
-1.3145894244274876,-0.9591111114681932,0.01006413904837196,-0.420560041253707,-1.205778051392485,2.619854263816284,-0.8799766896679563,-0.8696810781343782
-1.3145894244274876,-0.9591111114681932,0.34170148292805735,-0.420560041253707,0.8293400255919046,-0.3817006212182666,-0.8799766896679563,1.1498467945803525
0.5157845830248694,0.9207176908429557,-0.48739187677115614,-0.420560041253707,-1.205778051392485,-0.3817006212182666,-0.8799766896679563,1.1498467945803525
-1.3145894244274876,-0.9591111114681932,1.004976170687428,-0.420560041253707,-1.205778051392485,2.619854263816284,-0.8799766896679563,-0.8696810781343782
0.5157845830248694,0.9207176908429557,1.004976170687428,-0.420560041253707,0.8293400255919046,-0.3817006212182666,1.1363937383129237,-0.8696810781343782
-1.3145894244274876,-0.9591111114681932,0.34170148292805735,-0.420560041253707,-1.205778051392485,-0.3817006212182666,1.1363937383129237,-0.8696810781343782
0.5157845830248694,0.9207176908429557,1.1707948426272707,-0.420560041253707,-1.205778051392485,-0.3817006212182666,1.1363937383129237,-0.8696810781343782
0.5157845830248694,0.9207176908429557,-0.32157320483131346,-0.420560041253707,0.8293400255919046,-0.3817006212182666,1.1363937383129237,-0.8696810781343782
0.5157845830248694,0.9207176908429557,-0.32157320483131346,2.3777817717036513,-1.205778051392485,-0.3817006212182666,-0.8799766896679563,1.1498467945803525
0.5157845830248694,0.9207176908429557,2.3315255462061697,-0.420560041253707,-1.205778051392485,-0.3817006212182666,1.1363937383129237,-0.8696810781343782
0.5157845830248694,0.9207176908429557,0.5075201548679,-0.420560041253707,0.8293400255919046,-0.3817006212182666,1.1363937383129237,-0.8696810781343782
-1.3145894244274876,-0.9591111114681932,0.6733388268077427,-0.420560041253707,-1.205778051392485,2.619854263816284,-0.8799766896679563,-0.8696810781343782
0.5157845830248694,0.9207176908429557,-1.3164852364703696,-0.420560041253707,0.8293400255919046,-0.3817006212182666,1.1363937383129237,-0.8696810781343782
0.5157845830248694,0.9207176908429557,0.5075201548679,-0.420560041253707,0.8293400255919046,-0.3817006212182666,1.1363937383129237,-0.8696810781343782
0.5157845830248694,0.9207176908429557,-0.6532105487109988,2.3777817717036513,-1.205778051392485,-0.3817006212182666,1.1363937383129237,-0.8696810781343782
-1.3145894244274876,-0.9591111114681932,-1.4823039084102123,-0.420560041253707,0.8293400255919046,-0.3817006212182666,-0.8799766896679563,1.1498467945803525
0.5157845830248694,0.9207176908429557,-0.8190292206508415,-0.420560041253707,0.8293400255919046,-0.3817006212182666,1.1363937383129237,-0.8696810781343782
0.5157845830248694,-0.9591111114681932,-0.9848478925906843,-0.420560041253707,0.8293400255919046,-0.3817006212182666,1.1363937383129237,-0.8696810781343782
0.5157845830248694,-0.9591111114681932,-0.8190292206508415,-0.420560041253707,0.8293400255919046,-0.3817006212182666,1.1363937383129237,-0.8696810781343782
0.5157845830248694,0.9207176908429557,1.668250858446799,-0.420560041253707,-1.205778051392485,-0.3817006212182666,1.1363937383129237,-0.8696810781343782
-1.3145894244274876,-0.9591111114681932,-0.32157320483131346,-0.420560041253707,0.8293400255919046,-0.3817006212182666,-0.8799766896679563,1.1498467945803525
0.5157845830248694,0.9207176908429557,-0.8190292206508415,-0.420560041253707,0.8293400255919046,2.619854263816284,-0.8799766896679563,-0.8696810781343782
0.5157845830248694,0.9207176908429557,-0.48739187677115614,-0.420560041253707,0.8293400255919046,-0.3817006212182666,-0.8799766896679563,1.1498467945803525
0.5157845830248694,-0.9591111114681932,-0.6532105487109988,-0.420560041253707,-1.205778051392485,-0.3817006212182666,-0.8799766896679563,1.1498467945803525
0.5157845830248694,0.9207176908429557,-0.8190292206508415,-0.420560041253707,-1.205778051392485,-0.3817006212182666,-0.8799766896679563,1.1498467945803525
0.5157845830248694,0.9207176908429557,-0.15575453289147073,-0.420560041253707,0.8293400255919046,-0.3817006212182666,1.1363937383129237,-0.8696810781343782
